Examples/example.cnv
* Sea-Bird SBE 19plus V2 Data File:
* FileName = C:\Users\Wissenschaft\Desktop\SO836_CTD\SB836_20240617_st031.hex
* Software Version Seasave V 7.26.7.121
* Temperature SN = 8024
* Conductivity SN = 8024
* System UpLoad Time = Jun 17 2024 11:35:54
* NMEA Latitude = 55 14.905500 N
* NMEA Longitude = 016 14.931100 E
* NMEA UTC (Time) = Jun 17 2024 09:35:49
** Ship: Solea
** Station: 028
** Operator: SH
# nquan = 15
# nvalues = 1460                                  
# units = specified
# name 0 = prdM: Pressure, Strain Gauge [db]
# name 1 = tv290C: Temperature [ITS-90, deg C]
# name 2 = tv290C: Temperature [ITS-90, deg C]
# name 3 = sal00: Salinity, Practical [PSU]
# name 4 = sal00: Salinity, Practical [PSU]
# name 5 = sbeox0ML/L: Oxygen, SBE 43 [ml/l]
# name 6 = sbeox0ML/L: Oxygen, SBE 43 [ml/l]
# name 7 = sbeox0PS: Oxygen, SBE 43 [% saturation]
# name 8 = seaTurbMtr: Turbidity, Seapoint [FTU]
# name 9 = flSP: Fluorescence, Seapoint
# name 10 = prdM: Pressure, Strain Gauge [db]
# name 11 = tv290C: Temperature [ITS-90, deg C]
# name 12 = sal00: Salinity, Practical [PSU]
# name 13 = sbeox0ML/L: Oxygen, SBE 43 [ml/l]
# name 14 = flag:  0.000e+00
# span 0 =      0.186,     70.566                 
# span 1 =     4.1312,    17.0640                 
# span 2 =     4.1312,    17.0640                 
# span 3 =     0.0000,    15.1925                 
# span 4 =     0.0000,    15.1925                 
# span 5 =     0.4690,     7.9476                 
# span 6 =     0.4690,     7.9476                 
# span 7 =      6.077,    115.605                 
# span 8 =      0.000,      3.380                 
# span 9 = 3.9673e-02, 3.8354e+00                 
# span 10 =      0.186,     70.566                
# span 11 =     4.1312,    17.0640                
# span 12 =     0.0000,    15.1925                
# span 13 =     0.4690,     7.9476                
# span 14 = 0.0000e+00, 0.0000e+00                
# interval = seconds: 0.25
# start_time = Jun 17 2024 09:35:49 [NMEA time, header]
# bad_flag = -9.990e-29
*END*
[from data line 1061]
     33.456     4.6850     4.6850     7.3581     7.3581     7.5596     7.5596     88.139      0.092 3.3951e-01     33.456     4.6850     7.3581     7.5596  0.000e+00
     33.603     4.6804     4.6804     7.3593     7.3593     7.5407     7.5407     87.910      0.130 3.3951e-01     33.603     4.6804     7.3593     7.5407  0.000e+00
     33.729     4.6766     4.6766     7.3603     7.3603     7.5200     7.5200     87.660      0.137 3.3036e-01     33.729     4.6766     7.3603     7.5200  0.000e+00
     33.855     4.6737     4.6737     7.3612     7.3612     7.4964     7.4964     87.379      0.069 3.3646e-01     33.855     4.6737     7.3612     7.4964  0.000e+00
     34.023     4.6694     4.6694     7.3624     7.3624     7.4831     7.4831     87.215      0.092 3.3417e-01     34.023     4.6694     7.3624     7.4831  0.000e+00
     34.170     4.6647     4.6647     7.3637     7.3637     7.4675     7.4675     87.023      0.145 3.4180e-01     34.170     4.6647     7.3637     7.4675  0.000e+00
     34.275     4.6608     4.6608     7.3647     7.3647     7.4543     7.4543     86.862      0.137 3.3112e-01     34.275     4.6608     7.3647     7.4543  0.000e+00
     34.401     4.6570     4.6570     7.3659     7.3659     7.4476     7.4476     86.776      0.092 3.3188e-01     34.401     4.6570     7.3659     7.4476  0.000e+00
     34.505     4.6538     4.6538     7.3667     7.3667     7.4358     7.4358     86.632      0.168 3.1205e-01     34.505     4.6538     7.3667     7.4358  0.000e+00
     34.632     4.6511     4.6511     7.3683     7.3683     7.4220     7.4220     86.466      0.069 3.2502e-01     34.632     4.6511     7.3683     7.4220  0.000e+00
     34.737     4.6477     4.6477     7.3704     7.3704     7.4163     7.4163     86.393      0.053 2.9603e-01     34.737     4.6477     7.3704     7.4163  0.000e+00
     34.905     4.6443     4.6443     7.3725     7.3725     7.4142     7.4142     86.363      0.099 3.0213e-01     34.905     4.6443     7.3725     7.4142  0.000e+00
     34.989     4.6411     4.6411     7.3774     7.3774     7.3989     7.3989     86.180      0.122 2.9603e-01     34.989     4.6411     7.3774     7.3989  0.000e+00
     35.115     4.6378     4.6378     7.3847     7.3847     7.3975     7.3975     86.161      0.244 3.0823e-01     35.115     4.6378     7.3847     7.3975  0.000e+00
     35.282     4.6368     4.6368     7.3938     7.3938     7.3999     7.3999     86.192      0.137 2.9755e-01     35.282     4.6368     7.3938     7.3999  0.000e+00
     35.408     4.6401     4.6401     7.4067     7.4067     7.3973     7.3973     86.176      0.084 2.9526e-01     35.408     4.6401     7.4067     7.3973  0.000e+00
     35.535     4.6508     4.6508     7.4196     7.4196     7.3951     7.3951     86.182      0.145 2.9908e-01     35.535     4.6508     7.4196     7.3951  0.000e+00
     35.661     4.6669     4.6669     7.4252     7.4252     7.3945     7.3945     86.213      0.137 3.0518e-01     35.661     4.6669     7.4252     7.3945  0.000e+00
     35.766     4.6809     4.6809     7.4253     7.4253     7.3920     7.3920     86.216      0.092 2.8229e-01     35.766     4.6809     7.4253     7.3920  0.000e+00
     35.871     4.6867     4.6867     7.4260     7.4260     7.3962     7.3962     86.277      0.130 2.8077e-01     35.871     4.6867     7.4260     7.3962  0.000e+00
     36.060     4.6846     4.6846     7.4259     7.4259     7.4031     7.4031     86.353      0.099 2.7543e-01     36.060     4.6846     7.4259     7.4031  0.000e+00
     36.249     4.6762     4.6762     7.4265     7.4265     7.4050     7.4050     86.357      0.069 2.8458e-01     36.249     4.6762     7.4265     7.4050  0.000e+00
     36.291     4.6639     4.6639     7.4286     7.4286     7.4061     7.4061     86.344      0.244 2.7695e-01     36.291     4.6639     7.4286     7.4061  0.000e+00
     36.458     4.6518     4.6518     7.4299     7.4299     7.4097     7.4097     86.360      0.168 2.6551e-01     36.458     4.6518     7.4299     7.4097  0.000e+00
     36.585     4.6382     4.6382     7.4310     7.4310     7.4063     7.4063     86.292      0.122 2.7924e-01     36.585     4.6382     7.4310     7.4063  0.000e+00
     36.732     4.6233     4.6233     7.4325     7.4325     7.4019     7.4019     86.208      0.084 2.5864e-01     36.732     4.6233     7.4325     7.4019  0.000e+00
     36.857     4.6074     4.6074     7.4351     7.4351     7.3884     7.3884     86.018      0.137 2.6093e-01     36.857     4.6074     7.4351     7.3884  0.000e+00
     37.004     4.5913     4.5913     7.4382     7.4382     7.3838     7.3838     85.930      0.053 2.3728e-01     37.004     4.5913     7.4382     7.3838  0.000e+00
     37.130     4.5783     4.5783     7.4411     7.4411     7.3810     7.3810     85.870      0.038 2.5483e-01     37.130     4.5783     7.4411     7.3810  0.000e+00
     37.298     4.5659     4.5659     7.4436     7.4436     7.3579     7.3579     85.577      0.107 2.6017e-01     37.298     4.5659     7.4436     7.3579  0.000e+00
     37.383     4.5546     4.5546     7.4457     7.4457     7.3526     7.3526     85.491      0.160 2.5635e-01     37.383     4.5546     7.4457     7.3526  0.000e+00
     37.550     4.5429     4.5429     7.4478     7.4478     7.3476     7.3476     85.408      0.038 2.4949e-01     37.550     4.5429     7.4478     7.3476  0.000e+00
     37.697     4.5283     4.5283     7.4502     7.4502     7.3336     7.3336     85.216      0.168 2.4491e-01     37.697     4.5283     7.4502     7.3336  0.000e+00
     37.802     4.5120     4.5120     7.4521     7.4521     7.3279     7.3279     85.114      0.130 2.3194e-01     37.802     4.5120     7.4521     7.3279  0.000e+00
     37.928     4.4962     4.4962     7.4596     7.4596     7.3287     7.3287     85.094      0.183 2.5101e-01     37.928     4.4962     7.4596     7.3287  0.000e+00
     38.054     4.4871     4.4871     7.4668     7.4668     7.3220     7.3220     85.001      0.053 2.5635e-01     38.054     4.4871     7.4668     7.3220  0.000e+00
     38.201     4.4868     4.4868     7.4739     7.4739     7.3058     7.3058     84.816      0.137 2.4186e-01     38.201     4.4868     7.4739     7.3058  0.000e+00
     38.327     4.4918     4.4918     7.4768     7.4768     7.3099     7.3099     84.876      0.107 2.4262e-01     38.327     4.4918     7.4768     7.3099  0.000e+00
     38.495     4.4959     4.4959     7.4767     7.4767     7.2980     7.2980     84.747      0.114 2.3880e-01     38.495     4.4959     7.4767     7.2980  0.000e+00
     38.621     4.4932     4.4932     7.4807     7.4807     7.2916     7.2916     84.669      0.084 2.4872e-01     38.621     4.4932     7.4807     7.2916  0.000e+00
     38.768     4.4908     4.4908     7.4861     7.4861     7.2899     7.2899     84.646      0.107 2.3194e-01     38.768     4.4908     7.4861     7.2899  0.000e+00
     38.915     4.4931     4.4931     7.4879     7.4879     7.2777     7.2777     84.511      0.160 2.3880e-01     38.915     4.4931     7.4879     7.2777  0.000e+00
     39.062     4.4940     4.4940     7.4842     7.4842     7.2700     7.2700     84.421      0.069 2.4491e-01     39.062     4.4940     7.4842     7.2700  0.000e+00
     39.188     4.4837     4.4837     7.4770     7.4770     7.2651     7.2651     84.338      0.061 2.5559e-01     39.188     4.4837     7.4770     7.2651  0.000e+00
     39.293     4.4590     4.4590     7.4744     7.4744     7.2689     7.2689     84.327      0.191 2.4109e-01     39.293     4.4590     7.4744     7.2689  0.000e+00
     39.440     4.4246     4.4246     7.4759     7.4759     7.2638     7.2638     84.194      0.092 2.3499e-01     39.440     4.4246     7.4759     7.2638  0.000e+00
     39.629     4.3921     4.3921     7.4794     7.4794     7.2652     7.2652     84.142      0.214 2.4338e-01     39.629     4.3921     7.4794     7.2652  0.000e+00
     39.734     4.3632     4.3632     7.4845     7.4845     7.2489     7.2489     83.895      0.053 2.5788e-01     39.734     4.3632     7.4845     7.2489  0.000e+00
     39.839     4.3418     4.3418     7.4879     7.4879     7.2472     7.2472     83.830      0.092 2.4414e-01     39.839     4.3418     7.4879     7.2472  0.000e+00
     39.923     4.3260     4.3260     7.4901     7.4901     7.2462     7.2462     83.786      0.214 2.4033e-01     39.923     4.3260     7.4901     7.2462  0.000e+00
     40.112     4.3124     4.3124     7.4927     7.4927     7.2323     7.2323     83.598      0.206 2.3117e-01     40.112     4.3124     7.4927     7.2323  0.000e+00
     40.196     4.3008     4.3008     7.4948     7.4948     7.2299     7.2299     83.546      0.084 2.2431e-01     40.196     4.3008     7.4948     7.2299  0.000e+00
     40.322     4.2916     4.2916     7.4967     7.4967     7.2544     7.2544     83.811      0.099 2.4414e-01     40.322     4.2916     7.4967     7.2544  0.000e+00
     40.448     4.2813     4.2813     7.4989     7.4989     7.2515     7.2515     83.756      0.153 2.2583e-01     40.448     4.2813     7.4989     7.2515  0.000e+00
     40.595     4.2712     4.2712     7.5011     7.5011     7.2799     7.2799     84.064      0.076 2.1592e-01     40.595     4.2712     7.5011     7.2799  0.000e+00
     40.721     4.2631     4.2631     7.5029     7.5029     7.2975     7.2975     84.250      0.175 2.0752e-01     40.721     4.2631     7.5029     7.2975  0.000e+00
     40.889     4.2563     4.2563     7.5043     7.5043     7.3182     7.3182     84.475      0.099 2.0600e-01     40.889     4.2563     7.5043     7.3182  0.000e+00
     40.994     4.2498     4.2498     7.5054     7.5054     7.3288     7.3288     84.584      0.214 2.0294e-01     40.994     4.2498     7.5054     7.3288  0.000e+00
     41.120     4.2429     4.2429     7.5061     7.5061     7.3406     7.3406     84.706      0.084 2.1897e-01     41.120     4.2429     7.5061     7.3406  0.000e+00
     41.288     4.2346     4.2346     7.5076     7.5076     7.3476     7.3476     84.769      0.099 1.9150e-01     41.288     4.2346     7.5076     7.3476  0.000e+00
     41.392     4.2267     4.2267     7.5097     7.5097     7.3440     7.3440     84.712      0.130 1.8997e-01     41.392     4.2267     7.5097     7.3440  0.000e+00
     41.560     4.2200     4.2200     7.5116     7.5116     7.3470     7.3470     84.733      0.107 1.8692e-01     41.560     4.2200     7.5116     7.3470  0.000e+00
     41.686     4.2140     4.2140     7.5133     7.5133     7.3392     7.3392     84.630      0.084 1.9913e-01     41.686     4.2140     7.5133     7.3392  0.000e+00
     41.791     4.2097     4.2097     7.5146     7.5146     7.3279     7.3279     84.491      0.069 1.8692e-01     41.791     4.2097     7.5146     7.3279  0.000e+00
     41.959     4.2061     4.2061     7.5157     7.5157     7.3093     7.3093     84.270      0.069 1.7853e-01     41.959     4.2061     7.5157     7.3093  0.000e+00
     42.064     4.2029     4.2029     7.5171     7.5171     7.2966     7.2966     84.117      0.153 1.8311e-01     42.064     4.2029     7.5171     7.2966  0.000e+00
     42.211     4.2005     4.2005     7.5188     7.5188     7.2761     7.2761     83.877      0.015 1.8158e-01     42.211     4.2005     7.5188     7.2761  0.000e+00
     42.337     4.1987     4.1987     7.5208     7.5208     7.2563     7.2563     83.646      0.076 1.7014e-01     42.337     4.1987     7.5208     7.2563  0.000e+00
     42.463     4.1976     4.1976     7.5233     7.5233     7.2370     7.2370     83.423      0.069 1.7853e-01     42.463     4.1976     7.5233     7.2370  0.000e+00
     42.610     4.1983     4.1983     7.5246     7.5246     7.2213     7.2213     83.243      0.153 1.7014e-01     42.610     4.1983     7.5246     7.2213  0.000e+00
     42.737     4.1992     4.1992     7.5279     7.5279     7.2119     7.2119     83.139      0.023 1.6327e-01     42.737     4.1992     7.5279     7.2119  0.000e+00
     42.883     4.2010     4.2010     7.5296     7.5296     7.2022     7.2022     83.032      0.107 1.6175e-01     42.883     4.2010     7.5296     7.2022  0.000e+00
     43.072     4.2008     4.2008     7.5321     7.5321     7.1898     7.1898     82.890      0.061 1.6327e-01     43.072     4.2008     7.5321     7.1898  0.000e+00
     43.178     4.1962     4.1962     7.5359     7.5359     7.1741     7.1741     82.702      0.084 1.5564e-01     43.178     4.1962     7.5359     7.1741  0.000e+00
     43.345     4.1885     4.1885     7.5396     7.5396     7.1669     7.1669     82.605      0.206 1.5183e-01     43.345     4.1885     7.5396     7.1669  0.000e+00
     43.492     4.1797     4.1797     7.5450     7.5450     7.1588     7.1588     82.495      0.137 1.6175e-01     43.492     4.1797     7.5450     7.1588  0.000e+00
     43.618     4.1714     4.1714     7.5503     7.5503     7.1482     7.1482     82.358      0.084 1.5640e-01     43.618     4.1714     7.5503     7.1482  0.000e+00
     43.723     4.1662     4.1662     7.5559     7.5559     7.1319     7.1319     82.162      0.053 1.4649e-01     43.723     4.1662     7.5559     7.1319  0.000e+00
     43.870     4.1635     4.1635     7.5590     7.5590     7.1188     7.1188     82.008      0.084 1.3886e-01     43.870     4.1635     7.5590     7.1188  0.000e+00
     43.975     4.1627     4.1627     7.5629     7.5629     7.1084     7.1084     81.888      0.099 1.5869e-01     43.975     4.1627     7.5629     7.1084  0.000e+00
     44.122     4.1625     4.1625     7.5646     7.5646     7.0883     7.0883     81.658      0.145 1.5412e-01     44.122     4.1625     7.5646     7.0883  0.000e+00
     44.206     4.1627     4.1627     7.5662     7.5662     7.0723     7.0723     81.474      0.038 1.5030e-01     44.206     4.1627     7.5662     7.0723  0.000e+00
     44.353     4.1628     4.1628     7.5690     7.5690     7.0510     7.0510     81.230      0.031 1.4572e-01     44.353     4.1628     7.5690     7.0510  0.000e+00
     44.458     4.1630     4.1630     7.5718     7.5718     7.0314     7.0314     81.007      0.092 1.4191e-01     44.458     4.1630     7.5718     7.0314  0.000e+00
     44.563     4.1632     4.1632     7.5742     7.5742     7.0077     7.0077     80.735      0.114 1.5259e-01     44.563     4.1632     7.5742     7.0077  0.000e+00
     44.752     4.1629     4.1629     7.5788     7.5788     6.9880     6.9880     80.511      0.084 1.4878e-01     44.752     4.1629     7.5788     6.9880  0.000e+00
     44.857     4.1619     4.1619     7.5846     7.5846     6.9722     6.9722     80.329      0.122 1.5030e-01     44.857     4.1619     7.5846     6.9722  0.000e+00
     44.982     4.1605     4.1605     7.5924     7.5924     6.9543     6.9543     80.124      0.084 1.4878e-01     44.982     4.1605     7.5924     6.9543  0.000e+00
     45.172     4.1590     4.1590     7.5993     7.5993     6.9334     6.9334     79.885      0.061 1.6556e-01     45.172     4.1590     7.5993     6.9334  0.000e+00
     45.276     4.1572     4.1572     7.6038     7.6038     6.9238     6.9238     79.772      0.137 1.4038e-01     45.276     4.1572     7.6038     6.9238  0.000e+00
     45.423     4.1553     4.1553     7.6095     7.6095     6.9190     6.9190     79.716      0.160 1.4420e-01     45.423     4.1553     7.6095     6.9190  0.000e+00
     45.528     4.1528     4.1528     7.6137     7.6137     6.9053     6.9053     79.555      0.053 1.4343e-01     45.528     4.1528     7.6137     6.9053  0.000e+00
     45.717     4.1509     4.1509     7.6189     7.6189     6.9013     6.9013     79.508      0.053 1.3886e-01     45.717     4.1509     7.6189     6.9013  0.000e+00
     45.822     4.1489     4.1489     7.6232     7.6232     6.8857     6.8857     79.326      0.153 1.4038e-01     45.822     4.1489     7.6232     6.8857  0.000e+00
     45.907     4.1467     4.1467     7.6294     7.6294     6.8790     6.8790     79.248      0.046 1.2894e-01     45.907     4.1467     7.6294     6.8790  0.000e+00
