Examples/example.cnv
* Sea-Bird SBE 19plus V2 Data File:
* FileName = C:\Users\Wissenschaft\Desktop\SO836_CTD\SB836_20240617_st031.hex
* Software Version Seasave V 7.26.7.121
* Temperature SN = 8024
* Conductivity SN = 8024
* System UpLoad Time = Jun 17 2024 11:35:54
* NMEA Latitude = 55 14.905500 N
* NMEA Longitude = 016 14.931100 E
* NMEA UTC (Time) = Jun 17 2024 09:35:49
** Ship: Solea
** Station: 028
** Operator: SH
# nquan = 15
# nvalues = 1460                                  
# units = specified
# name 0 = prdM: Pressure, Strain Gauge [db]
# name 1 = tv290C: Temperature [ITS-90, deg C]
# name 2 = tv290C: Temperature [ITS-90, deg C]
# name 3 = sal00: Salinity, Practical [PSU]
# name 4 = sal00: Salinity, Practical [PSU]
# name 5 = sbeox0ML/L: Oxygen, SBE 43 [ml/l]
# name 6 = sbeox0ML/L: Oxygen, SBE 43 [ml/l]
# name 7 = sbeox0PS: Oxygen, SBE 43 [% saturation]
# name 8 = seaTurbMtr: Turbidity, Seapoint [FTU]
# name 9 = flSP: Fluorescence, Seapoint
# name 10 = prdM: Pressure, Strain Gauge [db]
# name 11 = tv290C: Temperature [ITS-90, deg C]
# name 12 = sal00: Salinity, Practical [PSU]
# name 13 = sbeox0ML/L: Oxygen, SBE 43 [ml/l]
# name 14 = flag:  0.000e+00
# span 0 =      0.186,     70.566                 
# span 1 =     4.1312,    17.0640                 
# span 2 =     4.1312,    17.0640                 
# span 3 =     0.0000,    15.1925                 
# span 4 =     0.0000,    15.1925                 
# span 5 =     0.4690,     7.9476                 
# span 6 =     0.4690,     7.9476                 
# span 7 =      6.077,    115.605                 
# span 8 =      0.000,      3.380                 
# span 9 = 3.9673e-02, 3.8354e+00                 
# span 10 =      0.186,     70.566                
# span 11 =     4.1312,    17.0640                
# span 12 =     0.0000,    15.1925                
# span 13 =     0.4690,     7.9476                
# span 14 = 0.0000e+00, 0.0000e+00                
# interval = seconds: 0.25
# start_time = Jun 17 2024 09:35:49 [NMEA time, header]
# bad_flag = -9.990e-29
*END*
[from data line 1254]
     59.451     5.9538     5.9538    13.2715    13.2715     5.8124     5.8124     72.766      0.221 1.3123e-01     59.451     5.9538    13.2715     5.8124  0.000e+00
     59.556     6.1563     6.1563    13.4258    13.4258     5.7240     5.7240     72.089      0.313 1.3581e-01     59.556     6.1563    13.4258     5.7240  0.000e+00
     59.724     6.3360     6.3360    13.4858    13.4858     5.6028     5.6028     70.903      0.359 1.5030e-01     59.724     6.3360    13.4858     5.6028  0.000e+00
     59.871     6.4807     6.4807    13.5150    13.5150     5.4248     5.4248     68.905      0.305 1.3352e-01     59.871     6.4807    13.5150     5.4248  0.000e+00
     60.039     6.5732     6.5732    13.5890    13.5890     5.1837     5.1837     66.024      0.465 1.3428e-01     60.039     6.5732    13.5890     5.1837  0.000e+00
     60.165     6.6447     6.6447    13.5910    13.5910     4.9101     4.9101     62.648      0.511 1.4572e-01     60.165     6.6447    13.5910     4.9101  0.000e+00
     60.270     6.6936     6.6936    13.6597    13.6597     4.5813     4.5813     58.549      0.465 1.5030e-01     60.270     6.6936    13.6597     4.5813  0.000e+00
     60.438     6.7414     6.7414    13.7061    13.7061     4.2093     4.2093     53.874      0.443 1.4038e-01     60.438     6.7414    13.7061     4.2093  0.000e+00
     60.564     6.7917     6.7917    13.7379    13.7379     3.8331     3.8331     49.128      0.443 1.3428e-01     60.564     6.7917    13.7379     3.8331  0.000e+00
     60.753     6.8370     6.8370    13.7601    13.7601     3.4580     3.4580     44.377      0.404 1.3428e-01     60.753     6.8370    13.7601     3.4580  0.000e+00
     60.879     6.8740     6.8740    13.7804    13.7804     3.0967     3.0967     39.781      0.481 1.3886e-01     60.879     6.8740    13.7804     3.0967  0.000e+00
     61.005     6.9078     6.9078    13.8023    13.8023     2.7761     2.7761     35.697      0.481 1.4115e-01     61.005     6.9078    13.8023     2.7761  0.000e+00
     61.152     6.9369     6.9369    13.8216    13.8216     2.4943     2.4943     32.099      0.481 1.3428e-01     61.152     6.9369    13.8216     2.4943  0.000e+00
     61.278     6.9623     6.9623    13.8517    13.8517     2.2576     2.2576     29.076      0.519 1.4115e-01     61.278     6.9623    13.8517     2.2576  0.000e+00
     61.446     6.9916     6.9916    13.9051    13.9051     2.0686     2.0686     26.671      0.404 1.4038e-01     61.446     6.9916    13.9051     2.0686  0.000e+00
     61.593     7.0280     7.0280    14.0075    14.0075     1.9225     1.9225     24.826      0.359 1.4191e-01     61.593     7.0280    14.0075     1.9225  0.000e+00
     61.739     7.0830     7.0830    14.0609    14.0609     1.8088     1.8088     23.397      0.366 1.3962e-01     61.739     7.0830    14.0609     1.8088  0.000e+00
     61.865     7.1296     7.1296    14.0783    14.0783     1.7279     1.7279     22.378      0.381 1.3962e-01     61.865     7.1296    14.0783     1.7279  0.000e+00
     62.012     7.1190     7.1190    14.0657    14.0657     1.6713     1.6713     21.637      0.351 1.4343e-01     62.012     7.1190    14.0657     1.6713  0.000e+00
     62.159     7.0445     7.0445    14.1074    14.1074     1.6268     1.6268     21.030      0.443 1.3962e-01     62.159     7.0445    14.1074     1.6268  0.000e+00
     62.306     6.9567     6.9567    14.1706    14.1706     1.5750     1.5750     20.325      0.252 1.3809e-01     62.306     6.9567    14.1706     1.5750  0.000e+00
     62.432     6.8837     6.8837    14.2171    14.2171     1.5195     1.5195     19.580      0.244 1.3123e-01     62.432     6.8837    14.2171     1.5195  0.000e+00
     62.559     6.8393     6.8393    14.2596    14.2596     1.4753     1.4753     18.996      0.175 1.3657e-01     62.559     6.8393    14.2596     1.4753  0.000e+00
     62.727     6.8166     6.8166    14.2984    14.2984     1.4640     1.4640     18.844      0.084 1.4191e-01     62.727     6.8166    14.2984     1.4640  0.000e+00
     62.873     6.8064     6.8064    14.3397    14.3397     1.5113     1.5113     19.454      0.137 1.4343e-01     62.873     6.8064    14.3397     1.5113  0.000e+00
     63.000     6.8007     6.8007    14.3822    14.3822     1.6127     1.6127     20.762      0.160 1.3199e-01     63.000     6.8007    14.3822     1.6127  0.000e+00
     63.126     6.7961     6.7961    14.4209    14.4209     1.7666     1.7666     22.747      0.145 1.3275e-01     63.126     6.7961    14.4209     1.7666  0.000e+00
     63.252     6.7840     6.7840    14.4484    14.4484     1.9637     1.9637     25.282      0.206 1.3428e-01     63.252     6.7840    14.4484     1.9637  0.000e+00
     63.441     6.7660     6.7660    14.5095    14.5095     2.1885     2.1885     28.175      0.298 1.4878e-01     63.441     6.7660    14.5095     2.1885  0.000e+00
     63.546     6.7553     6.7553    14.5903    14.5903     2.4113     2.4113     31.052      0.595 1.5869e-01     63.546     6.7553    14.5903     2.4113  0.000e+00
     63.735     6.7609     6.7609    14.6166    14.6166     2.5876     2.5876     33.332      0.610 1.5259e-01     63.735     6.7609    14.6166     2.5876  0.000e+00
     63.861     6.7731     6.7731    14.6444    14.6444     2.7102     2.7102     34.928      0.580 1.5640e-01     63.861     6.7731    14.6444     2.7102  0.000e+00
     64.008     6.7847     6.7847    14.6567    14.6567     2.7486     2.7486     35.436      0.595 1.4496e-01     64.008     6.7847    14.6567     2.7486  0.000e+00
     64.218     6.7933     6.7933    14.6579    14.6579     2.7203     2.7203     35.078      0.450 1.4572e-01     64.218     6.7933    14.6579     2.7203  0.000e+00
     64.324     6.7990     6.7990    14.6680    14.6680     2.6410     2.6410     34.063      0.389 1.3581e-01     64.324     6.7990    14.6680     2.6410  0.000e+00
     64.471     6.8024     6.8024    14.6759    14.6759     2.5189     2.5189     32.492      0.267 1.4420e-01     64.471     6.8024    14.6759     2.5189  0.000e+00
     64.596     6.8038     6.8038    14.6802    14.6802     2.3946     2.3946     30.891      0.221 1.4420e-01     64.596     6.8038    14.6802     2.3946  0.000e+00
     64.743     6.8042     6.8042    14.6917    14.6917     2.2903     2.2903     29.549      0.244 1.4115e-01     64.743     6.8042    14.6917     2.2903  0.000e+00
     64.890     6.8045     6.8045    14.7038    14.7038     2.2182     2.2182     28.621      0.206 1.4420e-01     64.890     6.8045    14.7038     2.2182  0.000e+00
     65.016     6.8062     6.8062    14.7158    14.7158     2.1766     2.1766     28.087      0.252 1.3275e-01     65.016     6.8062    14.7158     2.1766  0.000e+00
     65.163     6.8093     6.8093    14.7315    14.7315     2.1837     2.1837     28.184      0.237 1.4038e-01     65.163     6.8093    14.7315     2.1837  0.000e+00
     65.310     6.8130     6.8130    14.7494    14.7494     2.2089     2.2089     28.515      0.313 1.4343e-01     65.310     6.8130    14.7494     2.2089  0.000e+00
     65.457     6.8170     6.8170    14.7660    14.7660     2.2583     2.2583     29.159      0.206 1.4649e-01     65.457     6.8170    14.7660     2.2583  0.000e+00
     65.562     6.8210     6.8210    14.7760    14.7760     2.3088     2.3088     29.815      0.305 1.4572e-01     65.562     6.8210    14.7760     2.3088  0.000e+00
     65.709     6.8240     6.8240    14.7829    14.7829     2.3602     2.3602     30.483      0.259 1.6785e-01     65.709     6.8240    14.7829     2.3602  0.000e+00
     65.856     6.8263     6.8263    14.7913    14.7913     2.3966     2.3966     30.956      0.259 1.5564e-01     65.856     6.8263    14.7913     2.3966  0.000e+00
     66.024     6.8280     6.8280    14.7989    14.7989     2.4147     2.4147     31.193      0.320 1.4420e-01     66.024     6.8280    14.7989     2.4147  0.000e+00
     66.129     6.8297     6.8297    14.8065    14.8065     2.4157     2.4157     31.209      0.381 1.5717e-01     66.129     6.8297    14.8065     2.4157  0.000e+00
     66.276     6.8305     6.8305    14.8143    14.8143     2.4056     2.4056     31.080      0.351 1.5335e-01     66.276     6.8305    14.8143     2.4056  0.000e+00
     66.381     6.8301     6.8301    14.8188    14.8188     2.3688     2.3688     30.605      0.366 1.6480e-01     66.381     6.8301    14.8188     2.3688  0.000e+00
     66.528     6.8267     6.8267    14.8225    14.8225     2.3180     2.3180     29.947      0.259 1.3504e-01     66.528     6.8267    14.8225     2.3180  0.000e+00
     66.633     6.8217     6.8217    14.8260    14.8260     2.2605     2.2605     29.202      0.320 1.5869e-01     66.633     6.8217    14.8260     2.2605  0.000e+00
     66.738     6.8180     6.8180    14.8296    14.8296     2.2040     2.2040     28.469      0.282 1.4267e-01     66.738     6.8180    14.8296     2.2040  0.000e+00
     66.759     6.8148     6.8148    14.8338    14.8338     2.1429     2.1429     27.680      0.259 1.5106e-01     66.759     6.8148    14.8338     2.1429  0.000e+00
     66.780     6.8119     6.8119    14.8370    14.8370     2.0939     2.0939     27.045      0.298 1.4954e-01     66.780     6.8119    14.8370     2.0939  0.000e+00
     66.801     6.8096     6.8096    14.8396    14.8396     2.0534     2.0534     26.521      0.336 1.4343e-01     66.801     6.8096    14.8396     2.0534  0.000e+00
     66.864     6.8082     6.8082    14.8424    14.8424     2.0266     2.0266     26.175      0.267 1.4420e-01     66.864     6.8082    14.8424     2.0266  0.000e+00
     66.843     6.8070     6.8070    14.8445    14.8445     2.0081     2.0081     25.935      0.252 1.4267e-01     66.843     6.8070    14.8445     2.0081  0.000e+00
     66.927     6.8064     6.8064    14.8464    14.8464     2.0035     2.0035     25.876      0.267 1.4191e-01     66.927     6.8064    14.8464     2.0035  0.000e+00
     66.885     6.8058     6.8058    14.8487    14.8487     2.0005     2.0005     25.837      0.267 1.4038e-01     66.885     6.8058    14.8487     2.0005  0.000e+00
     66.927     6.8056     6.8056    14.8507    14.8507     1.9911     1.9911     25.716      0.252 1.3504e-01     66.927     6.8056    14.8507     1.9911  0.000e+00
     66.990     6.8053     6.8053    14.8518    14.8518     1.9946     1.9946     25.760      0.214 1.4572e-01     66.990     6.8053    14.8518     1.9946  0.000e+00
     66.970     6.8053     6.8053    14.8538    14.8538     1.9872     1.9872     25.666      0.122 1.3733e-01     66.970     6.8053    14.8538     1.9872  0.000e+00
     66.990     6.8052     6.8052    14.8555    14.8555     1.9849     1.9849     25.636      0.252 1.4191e-01     66.990     6.8052    14.8555     1.9849  0.000e+00
     67.032     6.8052     6.8052    14.8574    14.8574     1.9844     1.9844     25.630      0.259 1.4572e-01     67.032     6.8052    14.8574     1.9844  0.000e+00
     67.033     6.8053     6.8053    14.8597    14.8597     1.9813     1.9813     25.590      0.237 1.4801e-01     67.033     6.8053    14.8597     1.9813  0.000e+00
     67.117     6.8056     6.8056    14.8615    14.8615     1.9737     1.9737     25.493      0.282 1.4954e-01     67.117     6.8056    14.8615     1.9737  0.000e+00
     67.159     6.8060     6.8060    14.8641    14.8641     1.9596     1.9596     25.312      0.252 1.5335e-01     67.159     6.8060    14.8641     1.9596  0.000e+00
     67.138     6.8065     6.8065    14.8666    14.8666     1.9604     1.9604     25.322      0.259 1.4649e-01     67.138     6.8065    14.8666     1.9604  0.000e+00
     67.138     6.8071     6.8071    14.8694    14.8694     1.9398     1.9398     25.057      0.244 1.4496e-01     67.138     6.8071    14.8694     1.9398  0.000e+00
     67.201     6.8077     6.8077    14.8713    14.8713     1.9272     1.9272     24.895      0.298 1.5564e-01     67.201     6.8077    14.8713     1.9272  0.000e+00
     67.201     6.8082     6.8082    14.8732    14.8732     1.9196     1.9196     24.798      0.374 1.5869e-01     67.201     6.8082    14.8732     1.9196  0.000e+00
     67.243     6.8087     6.8087    14.8753    14.8753     1.8996     1.8996     24.540      0.244 1.5946e-01     67.243     6.8087    14.8753     1.8996  0.000e+00
     67.264     6.8091     6.8091    14.8764    14.8764     1.8932     1.8932     24.457      0.351 1.4801e-01     67.264     6.8091    14.8764     1.8932  0.000e+00
     67.285     6.8095     6.8095    14.8779    14.8779     1.8807     1.8807     24.296      0.313 1.5717e-01     67.285     6.8095    14.8779     1.8807  0.000e+00
     67.348     6.8098     6.8098    14.8787    14.8787     1.8729     1.8729     24.196      0.252 1.5030e-01     67.348     6.8098    14.8787     1.8729  0.000e+00
     67.349     6.8100     6.8100    14.8803    14.8803     1.8624     1.8624     24.061      0.290 1.5564e-01     67.349     6.8100    14.8803     1.8624  0.000e+00
     67.411     6.8103     6.8103    14.8835    14.8835     1.8712     1.8712     24.176      0.259 1.4496e-01     67.411     6.8103    14.8835     1.8712  0.000e+00
     67.391     6.8107     6.8107    14.8871    14.8871     1.8655     1.8655     24.102      0.290 1.4038e-01     67.391     6.8107    14.8871     1.8655  0.000e+00
     67.475     6.8111     6.8111    14.8895    14.8895     1.8655     1.8655     24.103      0.267 1.4878e-01     67.475     6.8111    14.8895     1.8655  0.000e+00
     67.496     6.8116     6.8116    14.8920    14.8920     1.8797     1.8797     24.287      0.359 1.5488e-01     67.496     6.8116    14.8920     1.8797  0.000e+00
     67.433     6.8120     6.8120    14.8935    14.8935     1.8962     1.8962     24.501      0.366 1.4115e-01     67.433     6.8120    14.8935     1.8962  0.000e+00
     67.496     6.8121     6.8121    14.8960    14.8960     1.9126     1.9126     24.714      0.282 1.3886e-01     67.496     6.8121    14.8960     1.9126  0.000e+00
     67.496     6.8125     6.8125    14.8966    14.8966     1.9376     1.9376     25.037      0.359 1.6861e-01     67.496     6.8125    14.8966     1.9376  0.000e+00
     67.495     6.8125     6.8125    14.8985    14.8985     1.9633     1.9633     25.369      0.351 1.7853e-01     67.495     6.8125    14.8985     1.9633  0.000e+00
     67.517     6.8127     6.8127    14.9001    14.9001     1.9954     1.9954     25.784      0.252 1.5717e-01     67.517     6.8127    14.9001     1.9954  0.000e+00
     67.558     6.8128     6.8128    14.9012    14.9012     2.0315     2.0315     26.250      0.374 1.5412e-01     67.558     6.8128    14.9012     2.0315  0.000e+00
     67.580     6.8131     6.8131    14.9022    14.9022     2.0681     2.0681     26.724      0.366 1.5183e-01     67.580     6.8131    14.9022     2.0681  0.000e+00
     67.559     6.8133     6.8133    14.9039    14.9039     2.1011     2.1011     27.150      0.298 1.3962e-01     67.559     6.8133    14.9039     2.1011  0.000e+00
     67.622     6.8135     6.8135    14.9057    14.9057     2.1276     2.1276     27.494      0.252 1.4115e-01     67.622     6.8135    14.9057     2.1276  0.000e+00
     67.643     6.8137     6.8137    14.9081    14.9081     2.1678     2.1678     28.014      0.244 1.5412e-01     67.643     6.8137    14.9081     2.1678  0.000e+00
     67.664     6.8142     6.8142    14.9101    14.9101     2.1932     2.1932     28.342      0.244 1.5106e-01     67.664     6.8142    14.9101     2.1932  0.000e+00
     67.748     6.8142     6.8142    14.9117    14.9117     2.2161     2.2161     28.639      0.267 1.5030e-01     67.748     6.8142    14.9117     2.2161  0.000e+00
     67.748     6.8143     6.8143    14.9145    14.9145     2.2306     2.2306     28.828      0.168 1.4343e-01     67.748     6.8143    14.9145     2.2306  0.000e+00
     67.727     6.8146     6.8146    14.9161    14.9161     2.2487     2.2487     29.062      0.237 1.5030e-01     67.727     6.8146    14.9161     2.2487  0.000e+00
