Examples/example.cnv
* Sea-Bird SBE 19plus V2 Data File:
* FileName = C:\Users\Wissenschaft\Desktop\SO836_CTD\SB836_20240617_st031.hex
* Software Version Seasave V 7.26.7.121
* Temperature SN = 8024
* Conductivity SN = 8024
* System UpLoad Time = Jun 17 2024 11:35:54
* NMEA Latitude = 55 14.905500 N
* NMEA Longitude = 016 14.931100 E
* NMEA UTC (Time) = Jun 17 2024 09:35:49
** Ship: Solea
** Station: 028
** Operator: SH
# nquan = 15
# nvalues = 1460                                  
# units = specified
# name 0 = prdM: Pressure, Strain Gauge [db]
# name 1 = tv290C: Temperature [ITS-90, deg C]
# name 2 = tv290C: Temperature [ITS-90, deg C]
# name 3 = sal00: Salinity, Practical [PSU]
# name 4 = sal00: Salinity, Practical [PSU]
# name 5 = sbeox0ML/L: Oxygen, SBE 43 [ml/l]
# name 6 = sbeox0ML/L: Oxygen, SBE 43 [ml/l]
# name 7 = sbeox0PS: Oxygen, SBE 43 [% saturation]
# name 8 = seaTurbMtr: Turbidity, Seapoint [FTU]
# name 9 = flSP: Fluorescence, Seapoint
# name 10 = prdM: Pressure, Strain Gauge [db]
# name 11 = tv290C: Temperature [ITS-90, deg C]
# name 12 = sal00: Salinity, Practical [PSU]
# name 13 = sbeox0ML/L: Oxygen, SBE 43 [ml/l]
# name 14 = flag:  0.000e+00
# span 0 =      0.186,     70.566                 
# span 1 =     4.1312,    17.0640                 
# span 2 =     4.1312,    17.0640                 
# span 3 =     0.0000,    15.1925                 
# span 4 =     0.0000,    15.1925                 
# span 5 =     0.4690,     7.9476                 
# span 6 =     0.4690,     7.9476                 
# span 7 =      6.077,    115.605                 
# span 8 =      0.000,      3.380                 
# span 9 = 3.9673e-02, 3.8354e+00                 
# span 10 =      0.186,     70.566                
# span 11 =     4.1312,    17.0640                
# span 12 =     0.0000,    15.1925                
# span 13 =     0.4690,     7.9476                
# span 14 = 0.0000e+00, 0.0000e+00                
# interval = seconds: 0.25
# start_time = Jun 17 2024 09:35:49 [NMEA time, header]
# bad_flag = -9.990e-29
*END*
[from data line 675]
      2.513    14.1363    14.1363     7.1975     7.1975     7.4192     7.4192    107.870      0.366 1.7678e+00      2.513    14.1363     7.1975     7.4192  0.000e+00
      2.534    14.1350    14.1350     7.1969     7.1969     7.4243     7.4243    107.939      0.458 1.7159e+00      2.534    14.1350     7.1969     7.4243  0.000e+00
      2.513    14.1315    14.1315     7.1969     7.1969     7.4316     7.4316    108.037      0.496 1.7380e+00      2.513    14.1315     7.1969     7.4316  0.000e+00
      2.576    14.1288    14.1288     7.1969     7.1969     7.4309     7.4309    108.022      0.343 1.7693e+00      2.576    14.1288     7.1969     7.4309  0.000e+00
      2.597    14.1265    14.1265     7.1966     7.1966     7.4306     7.4306    108.011      0.488 1.8067e+00      2.597    14.1265     7.1966     7.4306  0.000e+00
      2.597    14.1234    14.1234     7.1969     7.1969     7.4311     7.4311    108.012      0.381 1.8135e+00      2.597    14.1234     7.1969     7.4311  0.000e+00
      2.555    14.1205    14.1205     7.1976     7.1976     7.4349     7.4349    108.060      0.404 1.7678e+00      2.555    14.1205     7.1976     7.4349  0.000e+00
      2.576    14.1190    14.1190     7.1981     7.1981     7.4325     7.4325    108.023      0.389 1.9150e+00      2.576    14.1190     7.1981     7.4325  0.000e+00
      2.597    14.1195    14.1195     7.1987     7.1987     7.4369     7.4369    108.088      0.481 1.7906e+00      2.597    14.1195     7.1987     7.4369  0.000e+00
      2.555    14.1221    14.1221     7.1996     7.1996     7.4352     7.4352    108.070      0.397 1.7182e+00      2.555    14.1221     7.1996     7.4352  0.000e+00
      2.534    14.1259    14.1259     7.1998     7.1998     7.4386     7.4386    108.129      0.397 1.7853e+00      2.534    14.1259     7.1998     7.4386  0.000e+00
      2.555    14.1303    14.1303     7.1991     7.1991     7.4443     7.4443    108.220      0.465 1.8517e+00      2.555    14.1303     7.1991     7.4443  0.000e+00
      2.534    14.1339    14.1339     7.1986     7.1986     7.4434     7.4434    108.216      0.420 1.8189e+00      2.534    14.1339     7.1986     7.4434  0.000e+00
      2.534    14.1359    14.1359     7.1983     7.1983     7.4462     7.4462    108.261      0.511 1.7662e+00      2.534    14.1359     7.1983     7.4462  0.000e+00
      2.513    14.1371    14.1371     7.1977     7.1977     7.4447     7.4447    108.242      0.374 1.7830e+00      2.513    14.1371     7.1977     7.4447  0.000e+00
      2.492    14.1365    14.1365     7.1970     7.1970     7.4500     7.4500    108.317      0.496 1.7548e+00      2.492    14.1365     7.1970     7.4500  0.000e+00
      2.534    14.1347    14.1347     7.1971     7.1971     7.4474     7.4474    108.275      0.572 1.7853e+00      2.534    14.1347     7.1971     7.4474  0.000e+00
      2.534    14.1329    14.1329     7.1970     7.1970     7.4520     7.4520    108.338      0.450 1.7853e+00      2.534    14.1329     7.1970     7.4520  0.000e+00
      2.576    14.1309    14.1309     7.1970     7.1970     7.4559     7.4559    108.390      0.519 1.7739e+00      2.576    14.1309     7.1970     7.4559  0.000e+00
      2.576    14.1285    14.1285     7.1972     7.1972     7.4531     7.4531    108.344      0.511 1.7494e+00      2.576    14.1285     7.1972     7.4531  0.000e+00
      2.576    14.1270    14.1270     7.1974     7.1974     7.4463     7.4463    108.241      1.122 1.7662e+00      2.576    14.1270     7.1974     7.4463  0.000e+00
      2.555    14.1259    14.1259     7.1975     7.1975     7.4404     7.4404    108.153      1.244 1.7876e+00      2.555    14.1259     7.1975     7.4404  0.000e+00
      2.555    14.1252    14.1252     7.1979     7.1979     7.4385     7.4385    108.125      0.481 1.8021e+00      2.555    14.1252     7.1979     7.4385  0.000e+00
      2.534    14.1253    14.1253     7.1983     7.1983     7.4393     7.4393    108.137      0.404 1.7533e+00      2.534    14.1253     7.1983     7.4393  0.000e+00
      2.555    14.1262    14.1262     7.1984     7.1984     7.4352     7.4352    108.079      1.083 1.8761e+00      2.555    14.1262     7.1984     7.4352  0.000e+00
      2.555    14.1275    14.1275     7.1987     7.1987     7.4339     7.4339    108.063      0.427 1.7617e+00      2.555    14.1275     7.1987     7.4339  0.000e+00
      2.534    14.1298    14.1298     7.1987     7.1987     7.4293     7.4293    108.001      0.481 1.8524e+00      2.534    14.1298     7.1987     7.4293  0.000e+00
      2.534    14.1325    14.1325     7.1982     7.1982     7.4272     7.4272    107.977      0.504 1.7342e+00      2.534    14.1325     7.1982     7.4272  0.000e+00
      2.492    14.1335    14.1335     7.1978     7.1978     7.4263     7.4263    107.966      0.465 1.7380e+00      2.492    14.1335     7.1978     7.4263  0.000e+00
      2.513    14.1333    14.1333     7.1975     7.1975     7.4301     7.4301    108.020      0.412 1.7655e+00      2.513    14.1333     7.1975     7.4301  0.000e+00
      2.534    14.1328    14.1328     7.1975     7.1975     7.4324     7.4324    108.053      0.412 1.7678e+00      2.534    14.1328     7.1975     7.4324  0.000e+00
      2.513    14.1316    14.1316     7.1977     7.1977     7.4335     7.4335    108.066      0.420 1.7670e+00      2.513    14.1316     7.1977     7.4335  0.000e+00
      2.534    14.1313    14.1313     7.1979     7.1979     7.4383     7.4383    108.135      0.351 1.8067e+00      2.534    14.1313     7.1979     7.4383  0.000e+00
      2.534    14.1310    14.1310     7.1978     7.1978     7.4462     7.4462    108.250      0.328 1.6922e+00      2.534    14.1310     7.1978     7.4462  0.000e+00
      2.513    14.1309    14.1309     7.1981     7.1981     7.4462     7.4462    108.249      0.420 1.7334e+00      2.513    14.1309     7.1981     7.4462  0.000e+00
      2.493    14.1314    14.1314     7.1984     7.1984     7.4506     7.4506    108.315      0.473 1.7601e+00      2.493    14.1314     7.1984     7.4506  0.000e+00
      2.513    14.1333    14.1333     7.1984     7.1984     7.4504     7.4504    108.316      0.381 1.7891e+00      2.513    14.1333     7.1984     7.4504  0.000e+00
      2.493    14.1359    14.1359     7.1982     7.1982     7.4508     7.4508    108.328      0.366 1.7144e+00      2.493    14.1359     7.1982     7.4508  0.000e+00
      2.492    14.1384    14.1384     7.1977     7.1977     7.4505     7.4505    108.329      0.397 1.7777e+00      2.492    14.1384     7.1977     7.4505  0.000e+00
      2.471    14.1394    14.1394     7.1970     7.1970     7.4566     7.4566    108.420      0.381 1.7563e+00      2.471    14.1394     7.1970     7.4566  0.000e+00
      2.513    14.1381    14.1381     7.1970     7.1970     7.4546     7.4546    108.388      0.412 1.7540e+00      2.513    14.1381     7.1970     7.4546  0.000e+00
      2.555    14.1363    14.1363     7.1968     7.1968     7.4522     7.4522    108.348      0.435 1.8387e+00      2.555    14.1363     7.1968     7.4522  0.000e+00
      2.555    14.1339    14.1339     7.1968     7.1968     7.4548     7.4548    108.381      0.366 1.7296e+00      2.555    14.1339     7.1968     7.4548  0.000e+00
      2.576    14.1310    14.1310     7.1974     7.1974     7.4532     7.4532    108.351      0.420 1.6968e+00      2.576    14.1310     7.1974     7.4532  0.000e+00
      2.555    14.1292    14.1292     7.1978     7.1978     7.4570     7.4570    108.402      0.397 1.7380e+00      2.555    14.1292     7.1978     7.4570  0.000e+00
      2.576    14.1290    14.1290     7.1982     7.1982     7.4575     7.4575    108.409      0.328 1.6960e+00      2.576    14.1290     7.1982     7.4575  0.000e+00
      2.576    14.1294    14.1294     7.1981     7.1981     7.4497     7.4497    108.297      0.481 1.6548e+00      2.576    14.1294     7.1981     7.4497  0.000e+00
      2.555    14.1298    14.1298     7.1982     7.1982     7.4471     7.4471    108.260      0.374 1.6648e+00      2.555    14.1298     7.1982     7.4471  0.000e+00
      2.534    14.1308    14.1308     7.1979     7.1979     7.4410     7.4410    108.174      0.412 1.6693e+00      2.534    14.1308     7.1979     7.4410  0.000e+00
      2.555    14.1311    14.1311     7.1979     7.1979     7.4431     7.4431    108.204      0.481 1.6358e+00      2.555    14.1311     7.1979     7.4431  0.000e+00
      2.555    14.1312    14.1312     7.1980     7.1980     7.4369     7.4369    108.115      0.397 1.7098e+00      2.555    14.1312     7.1980     7.4369  0.000e+00
      2.555    14.1317    14.1317     7.1980     7.1980     7.4402     7.4402    108.164      0.389 1.7815e+00      2.555    14.1317     7.1980     7.4402  0.000e+00
      2.554    14.1323    14.1323     7.1982     7.1982     7.4405     7.4405    108.169      0.366 1.7548e+00      2.554    14.1323     7.1982     7.4405  0.000e+00
      2.533    14.1337    14.1337     7.1981     7.1981     7.4452     7.4452    108.241      0.458 1.7853e+00      2.533    14.1337     7.1981     7.4452  0.000e+00
      2.533    14.1356    14.1356     7.1977     7.1977     7.4462     7.4462    108.260      0.404 1.8280e+00      2.533    14.1356     7.1977     7.4462  0.000e+00
      2.533    14.1366    14.1366     7.1976     7.1976     7.4518     7.4518    108.344      0.443 1.7517e+00      2.533    14.1366     7.1976     7.4518  0.000e+00
      2.533    14.1368    14.1368     7.1973     7.1973     7.4477     7.4477    108.285      0.381 1.7678e+00      2.533    14.1368     7.1973     7.4477  0.000e+00
      2.534    14.1361    14.1361     7.1967     7.1967     7.4492     7.4492    108.304      0.465 1.7212e+00      2.534    14.1361     7.1967     7.4492  0.000e+00
      2.534    14.1327    14.1327     7.1969     7.1969     7.4515     7.4515    108.330      0.320 1.7411e+00      2.534    14.1327     7.1969     7.4515  0.000e+00
      2.534    14.1282    14.1282     7.1969     7.1969     7.4498     7.4498    108.295      0.443 1.6716e+00      2.534    14.1282     7.1969     7.4498  0.000e+00
      2.534    14.1250    14.1250     7.1966     7.1966     7.4526     7.4526    108.328      0.389 1.6503e+00      2.534    14.1250     7.1966     7.4526  0.000e+00
      2.513    14.1225    14.1225     7.1976     7.1976     7.4566     7.4566    108.380      0.427 1.5923e+00      2.513    14.1225     7.1976     7.4566  0.000e+00
      2.555    14.1218    14.1218     7.1976     7.1976     7.4582     7.4582    108.402      0.465 1.6777e+00      2.555    14.1218     7.1976     7.4582  0.000e+00
      2.534    14.1220    14.1220     7.1965     7.1965     7.4578     7.4578    108.396      0.618 1.7151e+00      2.534    14.1220     7.1965     7.4578  0.000e+00
      2.555    14.1202    14.1202     7.1973     7.1973     7.4550     7.4550    108.352      0.397 1.6762e+00      2.555    14.1202     7.1973     7.4550  0.000e+00
      2.534    14.1183    14.1183     7.1990     7.1990     7.4506     7.4506    108.285      0.397 1.6716e+00      2.534    14.1183     7.1990     7.4506  0.000e+00
      2.471    14.1207    14.1207     7.2001     7.2001     7.4496     7.4496    108.276      0.488 1.7166e+00      2.471    14.1207     7.2001     7.4496  0.000e+00
      2.513    14.1266    14.1266     7.1995     7.1995     7.4441     7.4441    108.210      0.389 1.7479e+00      2.513    14.1266     7.1995     7.4441  0.000e+00
      2.534    14.1313    14.1313     7.1988     7.1988     7.4378     7.4378    108.129      0.427 1.8196e+00      2.534    14.1313     7.1988     7.4378  0.000e+00
      2.492    14.1342    14.1342     7.1982     7.1982     7.4373     7.4373    108.127      0.443 1.8685e+00      2.492    14.1342     7.1982     7.4373  0.000e+00
      2.493    14.1357    14.1357     7.1981     7.1981     7.4428     7.4428    108.210      0.526 1.8212e+00      2.493    14.1357     7.1981     7.4428  0.000e+00
      2.493    14.1374    14.1374     7.1975     7.1975     7.4459     7.4459    108.260      0.397 1.7250e+00      2.493    14.1374     7.1975     7.4459  0.000e+00
      2.513    14.1377    14.1377     7.1975     7.1975     7.4460     7.4460    108.261      0.381 1.8067e+00      2.513    14.1377     7.1975     7.4460  0.000e+00
      2.535    14.1371    14.1371     7.1973     7.1973     7.4485     7.4485    108.297      0.504 1.7838e+00      2.535    14.1371     7.1973     7.4485  0.000e+00
      2.555    14.1359    14.1359     7.1977     7.1977     7.4424     7.4424    108.206      0.488 1.8059e+00      2.555    14.1359     7.1977     7.4424  0.000e+00
      2.576    14.1359    14.1359     7.1981     7.1981     7.4415     7.4415    108.192      0.496 1.7327e+00      2.576    14.1359     7.1981     7.4415  0.000e+00
      2.555    14.1365    14.1365     7.1973     7.1973     7.4353     7.4353    108.103      0.381 1.6732e+00      2.555    14.1365     7.1973     7.4353  0.000e+00
      2.597    14.1352    14.1352     7.1973     7.1973     7.4377     7.4377    108.136      0.374 1.6403e+00      2.597    14.1352     7.1973     7.4377  0.000e+00
      2.597    14.1348    14.1348     7.1973     7.1973     7.4374     7.4374    108.129      0.389 1.6762e+00      2.597    14.1348     7.1973     7.4374  0.000e+00
      2.576    14.1340    14.1340     7.1972     7.1972     7.4409     7.4409    108.179      0.412 1.6526e+00      2.576    14.1340     7.1972     7.4409  0.000e+00
      2.576    14.1319    14.1319     7.1979     7.1979     7.4471     7.4471    108.265      0.397 1.7159e+00      2.576    14.1319     7.1979     7.4471  0.000e+00
      2.576    14.1312    14.1312     7.1988     7.1988     7.4522     7.4522    108.337      0.397 1.7029e+00      2.576    14.1312     7.1988     7.4522  0.000e+00
      2.576    14.1333    14.1333     7.1982     7.1982     7.4570     7.4570    108.412      0.374 1.6876e+00      2.576    14.1333     7.1982     7.4570  0.000e+00
      2.513    14.1349    14.1349     7.1980     7.1980     7.4530     7.4530    108.357      0.374 1.7479e+00      2.513    14.1349     7.1980     7.4530  0.000e+00
      2.555    14.1357    14.1357     7.1981     7.1981     7.4559     7.4559    108.401      0.443 1.6976e+00      2.555    14.1357     7.1981     7.4559  0.000e+00
      2.534    14.1366    14.1366     7.1984     7.1984     7.4488     7.4488    108.301      0.359 1.7617e+00      2.534    14.1366     7.1984     7.4488  0.000e+00
      2.492    14.1387    14.1387     7.1983     7.1983     7.4410     7.4410    108.192      0.412 1.8593e+00      2.492    14.1387     7.1983     7.4410  0.000e+00
      2.513    14.1407    14.1407     7.1981     7.1981     7.4382     7.4382    108.155      0.427 1.7937e+00      2.513    14.1407     7.1981     7.4382  0.000e+00
      2.493    14.1423    14.1423     7.1977     7.1977     7.4288     7.4288    108.022      0.389 1.7731e+00      2.493    14.1423     7.1977     7.4288  0.000e+00
      2.492    14.1428    14.1428     7.1979     7.1979     7.4316     7.4316    108.065      0.381 1.7266e+00      2.492    14.1428     7.1979     7.4316  0.000e+00
      2.492    14.1439    14.1439     7.1976     7.1976     7.4322     7.4322    108.076      0.397 1.7700e+00      2.492    14.1439     7.1976     7.4322  0.000e+00
      2.534    14.1447    14.1447     7.1971     7.1971     7.4327     7.4327    108.085      0.366 1.6411e+00      2.534    14.1447     7.1971     7.4327  0.000e+00
      2.513    14.1437    14.1437     7.1970     7.1970     7.4372     7.4372    108.147      0.351 1.5976e+00      2.513    14.1437     7.1970     7.4372  0.000e+00
      2.534    14.1421    14.1421     7.1961     7.1961     7.4422     7.4422    108.216      0.397 1.6358e+00      2.534    14.1421     7.1961     7.4422  0.000e+00
      2.597    14.1388    14.1388     7.1960     7.1960     7.4439     7.4439    108.233      0.412 1.7151e+00      2.597    14.1388     7.1960     7.4439  0.000e+00
      2.598    14.1345    14.1345     7.1961     7.1961     7.4520     7.4520    108.340      0.366 1.7502e+00      2.598    14.1345     7.1961     7.4520  0.000e+00
