Examples/example.cnv
* Sea-Bird SBE 19plus V2 Data File:
* FileName = C:\Users\Wissenschaft\Desktop\SO836_CTD\SB836_20240617_st031.hex
* Software Version Seasave V 7.26.7.121
* Temperature SN = 8024
* Conductivity SN = 8024
* System UpLoad Time = Jun 17 2024 11:35:54
* NMEA Latitude = 55 14.905500 N
* NMEA Longitude = 016 14.931100 E
* NMEA UTC (Time) = Jun 17 2024 09:35:49
** Ship: Solea
** Station: 028
** Operator: SH
# nquan = 15
# nvalues = 1460                                  
# units = specified
# name 0 = prdM: Pressure, Strain Gauge [db]
# name 1 = tv290C: Temperature [ITS-90, deg C]
# name 2 = tv290C: Temperature [ITS-90, deg C]
# name 3 = sal00: Salinity, Practical [PSU]
# name 4 = sal00: Salinity, Practical [PSU]
# name 5 = sbeox0ML/L: Oxygen, SBE 43 [ml/l]
# name 6 = sbeox0ML/L: Oxygen, SBE 43 [ml/l]
# name 7 = sbeox0PS: Oxygen, SBE 43 [% saturation]
# name 8 = seaTurbMtr: Turbidity, Seapoint [FTU]
# name 9 = flSP: Fluorescence, Seapoint
# name 10 = prdM: Pressure, Strain Gauge [db]
# name 11 = tv290C: Temperature [ITS-90, deg C]
# name 12 = sal00: Salinity, Practical [PSU]
# name 13 = sbeox0ML/L: Oxygen, SBE 43 [ml/l]
# name 14 = flag:  0.000e+00
# span 0 =      0.186,     70.566                 
# span 1 =     4.1312,    17.0640                 
# span 2 =     4.1312,    17.0640                 
# span 3 =     0.0000,    15.1925                 
# span 4 =     0.0000,    15.1925                 
# span 5 =     0.4690,     7.9476                 
# span 6 =     0.4690,     7.9476                 
# span 7 =      6.077,    115.605                 
# span 8 =      0.000,      3.380                 
# span 9 = 3.9673e-02, 3.8354e+00                 
# span 10 =      0.186,     70.566                
# span 11 =     4.1312,    17.0640                
# span 12 =     0.0000,    15.1925                
# span 13 =     0.4690,     7.9476                
# span 14 = 0.0000e+00, 0.0000e+00                
# interval = seconds: 0.25
# start_time = Jun 17 2024 09:35:49 [NMEA time, header]
# bad_flag = -9.990e-29
*END*
[from data line 868]
      7.866    13.6762    13.6762     7.1993     7.1993     7.3810     7.3810    106.252      0.359 2.1897e+00      7.866    13.6762     7.1993     7.3810  0.000e+00
      7.992    13.6748    13.6748     7.1993     7.1993     7.3781     7.3781    106.206      0.359 2.1302e+00      7.992    13.6748     7.1993     7.3781  0.000e+00
      8.139    13.6738    13.6738     7.1994     7.1994     7.3713     7.3713    106.106      0.328 2.1180e+00      8.139    13.6738     7.1994     7.3713  0.000e+00
      8.223    13.6727    13.6727     7.1994     7.1994     7.3654     7.3654    106.018      0.381 2.0447e+00      8.223    13.6727     7.1994     7.3654  0.000e+00
      8.349    13.6717    13.6717     7.1993     7.1993     7.3578     7.3578    105.907      0.252 2.0630e+00      8.349    13.6717     7.1993     7.3578  0.000e+00
      8.475    13.6704    13.6704     7.1992     7.1992     7.3562     7.3562    105.882      0.420 2.0562e+00      8.475    13.6704     7.1992     7.3562  0.000e+00
      8.580    13.6689    13.6689     7.1988     7.1988     7.3568     7.3568    105.886      0.389 2.1118e+00      8.580    13.6689     7.1988     7.3568  0.000e+00
      8.643    13.6664    13.6664     7.1990     7.1990     7.3573     7.3573    105.887      0.267 2.0920e+00      8.643    13.6664     7.1990     7.3573  0.000e+00
      8.790    13.6639    13.6639     7.1991     7.1991     7.3634     7.3634    105.970      0.412 2.1836e+00      8.790    13.6639     7.1991     7.3634  0.000e+00
      8.895    13.6618    13.6618     7.1993     7.1993     7.3612     7.3612    105.933      0.420 2.2438e+00      8.895    13.6618     7.1993     7.3612  0.000e+00
      8.979    13.6599    13.6599     7.1992     7.1992     7.3584     7.3584    105.889      0.366 2.2164e+00      8.979    13.6599     7.1992     7.3584  0.000e+00
      9.105    13.6585    13.6585     7.1993     7.1993     7.3593     7.3593    105.898      0.381 2.2522e+00      9.105    13.6585     7.1993     7.3593  0.000e+00
      9.231    13.6570    13.6570     7.1994     7.1994     7.3573     7.3573    105.867      0.397 2.1691e+00      9.231    13.6570     7.1994     7.3573  0.000e+00
      9.273    13.6560    13.6560     7.1993     7.1993     7.3571     7.3571    105.860      0.450 2.1691e+00      9.273    13.6560     7.1993     7.3571  0.000e+00
      9.399    13.6543    13.6543     7.1994     7.1994     7.3548     7.3548    105.825      0.305 2.1515e+00      9.399    13.6543     7.1994     7.3548  0.000e+00
      9.546    13.6528    13.6528     7.1990     7.1990     7.3521     7.3521    105.782      0.351 2.1561e+00      9.546    13.6528     7.1990     7.3521  0.000e+00
      9.672    13.6504    13.6504     7.1987     7.1987     7.3498     7.3498    105.743      0.351 2.1767e+00      9.672    13.6504     7.1987     7.3498  0.000e+00
      9.777    13.6471    13.6471     7.1985     7.1985     7.3474     7.3474    105.701      0.404 2.1790e+00      9.777    13.6471     7.1985     7.3474  0.000e+00
      9.945    13.6429    13.6429     7.1978     7.1978     7.3542     7.3542    105.788      0.359 2.2866e+00      9.945    13.6429     7.1978     7.3542  0.000e+00
     10.071    13.6376    13.6376     7.1979     7.1979     7.3554     7.3554    105.793      0.374 2.2034e+00     10.071    13.6376     7.1979     7.3554  0.000e+00
     10.155    13.6320    13.6320     7.1987     7.1987     7.3568     7.3568    105.801      0.359 2.2148e+00     10.155    13.6320     7.1987     7.3568  0.000e+00
     10.302    13.6279    13.6279     7.1989     7.1989     7.3590     7.3590    105.823      0.397 2.1347e+00     10.302    13.6279     7.1989     7.3590  0.000e+00
     10.449    13.6250    13.6250     7.1996     7.1996     7.3576     7.3576    105.798      0.351 2.1874e+00     10.449    13.6250     7.1996     7.3576  0.000e+00
     10.554    13.6233    13.6233     7.1993     7.1993     7.3581     7.3581    105.800      0.359 2.1988e+00     10.554    13.6233     7.1993     7.3581  0.000e+00
     10.659    13.6215    13.6215     7.1995     7.1995     7.3546     7.3546    105.747      0.359 2.1843e+00     10.659    13.6215     7.1995     7.3546  0.000e+00
     10.785    13.6200    13.6200     7.2001     7.2001     7.3509     7.3509    105.689      0.374 2.1836e+00     10.785    13.6200     7.2001     7.3509  0.000e+00
     10.890    13.6197    13.6197     7.2010     7.2010     7.3511     7.3511    105.693      0.328 2.1553e+00     10.890    13.6197     7.2010     7.3511  0.000e+00
     11.015    13.6218    13.6218     7.2016     7.2016     7.3509     7.3509    105.695      0.351 2.1683e+00     11.015    13.6218     7.2016     7.3509  0.000e+00
     11.120    13.6260    13.6260     7.1989     7.1989     7.3499     7.3499    105.689      0.359 2.1218e+00     11.120    13.6260     7.1989     7.3499  0.000e+00
     11.267    13.6245    13.6245     7.1982     7.1982     7.3493     7.3493    105.676      0.381 2.1798e+00     11.267    13.6245     7.1982     7.3493  0.000e+00
     11.393    13.6202    13.6202     7.1983     7.1983     7.3486     7.3486    105.656      0.420 2.1660e+00     11.393    13.6202     7.1983     7.3486  0.000e+00
     11.477    13.6158    13.6158     7.1990     7.1990     7.3459     7.3459    105.608      0.328 2.2507e+00     11.477    13.6158     7.1990     7.3459  0.000e+00
     11.603    13.6128    13.6128     7.1989     7.1989     7.3486     7.3486    105.639      0.351 2.2591e+00     11.603    13.6128     7.1989     7.3486  0.000e+00
     11.792    13.6100    13.6100     7.1994     7.1994     7.3503     7.3503    105.658      0.313 2.1233e+00     11.792    13.6100     7.1994     7.3503  0.000e+00
     11.897    13.6083    13.6083     7.1995     7.1995     7.3480     7.3480    105.621      0.359 2.1767e+00     11.897    13.6083     7.1995     7.3480  0.000e+00
     12.044    13.6069    13.6069     7.1989     7.1989     7.3499     7.3499    105.644      0.282 2.1988e+00     12.044    13.6069     7.1989     7.3499  0.000e+00
     12.170    13.6044    13.6044     7.1989     7.1989     7.3523     7.3523    105.673      0.443 2.2148e+00     12.170    13.6044     7.1989     7.3523  0.000e+00
     12.316    13.6014    13.6014     7.1991     7.1991     7.3531     7.3531    105.678      0.366 2.3247e+00     12.316    13.6014     7.1991     7.3531  0.000e+00
     12.421    13.5986    13.5986     7.1994     7.1994     7.3499     7.3499    105.625      0.328 2.3445e+00     12.421    13.5986     7.1994     7.3499  0.000e+00
     12.547    13.5963    13.5963     7.1991     7.1991     7.3487     7.3487    105.603      0.328 2.1706e+00     12.547    13.5963     7.1991     7.3487  0.000e+00
     12.652    13.5939    13.5939     7.1996     7.1996     7.3456     7.3456    105.553      0.381 2.1805e+00     12.652    13.5939     7.1996     7.3456  0.000e+00
     12.820    13.5918    13.5918     7.1997     7.1997     7.3433     7.3433    105.516      0.435 2.2057e+00     12.820    13.5918     7.1997     7.3433  0.000e+00
     12.904    13.5903    13.5903     7.1998     7.1998     7.3389     7.3389    105.448      0.313 2.2568e+00     12.904    13.5903     7.1998     7.3389  0.000e+00
     13.030    13.5893    13.5893     7.1999     7.1999     7.3390     7.3390    105.448      0.351 2.3507e+00     13.030    13.5893     7.1999     7.3390  0.000e+00
     13.198    13.5882    13.5882     7.2000     7.2000     7.3376     7.3376    105.426      0.412 2.2835e+00     13.198    13.5882     7.2000     7.3376  0.000e+00
     13.345    13.5875    13.5875     7.2002     7.2002     7.3395     7.3395    105.452      0.282 2.2896e+00     13.345    13.5875     7.2002     7.3395  0.000e+00
     13.450    13.5872    13.5872     7.1999     7.1999     7.3325     7.3325    105.350      0.366 2.2766e+00     13.450    13.5872     7.1999     7.3325  0.000e+00
     13.597    13.5863    13.5863     7.1998     7.1998     7.3329     7.3329    105.354      0.282 2.2126e+00     13.597    13.5863     7.1998     7.3329  0.000e+00
     13.723    13.5851    13.5851     7.1999     7.1999     7.3282     7.3282    105.284      0.328 2.1630e+00     13.723    13.5851     7.1999     7.3282  0.000e+00
     13.891    13.5842    13.5842     7.2001     7.2001     7.3303     7.3303    105.311      0.397 2.1004e+00     13.891    13.5842     7.2001     7.3303  0.000e+00
     14.038    13.5832    13.5832     7.2001     7.2001     7.3282     7.3282    105.280      0.435 2.2866e+00     14.038    13.5832     7.2001     7.3282  0.000e+00
     14.164    13.5824    13.5824     7.2000     7.2000     7.3274     7.3274    105.266      0.366 2.2805e+00     14.164    13.5824     7.2000     7.3274  0.000e+00
     14.248    13.5815    13.5815     7.2000     7.2000     7.3248     7.3248    105.226      0.351 2.2950e+00     14.248    13.5815     7.2000     7.3248  0.000e+00
     14.395    13.5805    13.5805     7.1999     7.1999     7.3191     7.3191    105.141      0.359 2.3949e+00     14.395    13.5805     7.1999     7.3191  0.000e+00
     14.521    13.5791    13.5791     7.2001     7.2001     7.3203     7.3203    105.156      0.328 2.3384e+00     14.521    13.5791     7.2001     7.3203  0.000e+00
     14.668    13.5779    13.5779     7.2001     7.2001     7.3268     7.3268    105.247      0.313 2.3865e+00     14.668    13.5779     7.2001     7.3268  0.000e+00
     14.773    13.5770    13.5770     7.2002     7.2002     7.3255     7.3255    105.226      0.320 2.2904e+00     14.773    13.5770     7.2002     7.3255  0.000e+00
     14.962    13.5763    13.5763     7.1999     7.1999     7.3244     7.3244    105.209      0.313 2.2599e+00     14.962    13.5763     7.1999     7.3244  0.000e+00
     15.088    13.5749    13.5749     7.1998     7.1998     7.3253     7.3253    105.218      0.381 2.3178e+00     15.088    13.5749     7.1998     7.3253  0.000e+00
     15.256    13.5728    13.5728     7.1997     7.1997     7.3266     7.3266    105.232      0.366 2.4453e+00     15.256    13.5728     7.1997     7.3266  0.000e+00
     15.361    13.5705    13.5705     7.1999     7.1999     7.3335     7.3335    105.326      0.435 2.4201e+00     15.361    13.5705     7.1999     7.3335  0.000e+00
     15.508    13.5684    13.5684     7.1999     7.1999     7.3317     7.3317    105.296      0.313 2.4537e+00     15.508    13.5684     7.1999     7.3317  0.000e+00
     15.655    13.5665    13.5665     7.1998     7.1998     7.3243     7.3243    105.184      0.328 2.3888e+00     15.655    13.5665     7.1998     7.3243  0.000e+00
     15.760    13.5647    13.5647     7.1995     7.1995     7.3232     7.3232    105.164      0.336 2.4056e+00     15.760    13.5647     7.1995     7.3232  0.000e+00
     15.907    13.5616    13.5616     7.1991     7.1991     7.3233     7.3233    105.159      0.351 2.2866e+00     15.907    13.5616     7.1991     7.3233  0.000e+00
     16.033    13.5573    13.5573     7.1993     7.1993     7.3243     7.3243    105.163      0.351 2.1874e+00     16.033    13.5573     7.1993     7.3243  0.000e+00
     16.159    13.5531    13.5531     7.1990     7.1990     7.3209     7.3209    105.104      0.313 2.3713e+00     16.159    13.5531     7.1990     7.3209  0.000e+00
     16.306    13.5482    13.5482     7.1991     7.1991     7.3150     7.3150    105.009      0.336 2.3445e+00     16.306    13.5482     7.1991     7.3150  0.000e+00
     16.432    13.5431    13.5431     7.1991     7.1991     7.3128     7.3128    104.965      0.404 2.3369e+00     16.432    13.5431     7.1991     7.3128  0.000e+00
     16.495    13.5379    13.5379     7.1993     7.1993     7.3117     7.3117    104.939      0.359 2.3957e+00     16.495    13.5379     7.1993     7.3117  0.000e+00
     16.683    13.5329    13.5329     7.1995     7.1995     7.3127     7.3127    104.941      0.313 2.3102e+00     16.683    13.5329     7.1995     7.3127  0.000e+00
     16.830    13.5281    13.5281     7.1985     7.1985     7.3175     7.3175    104.998      0.343 2.3064e+00     16.830    13.5281     7.1985     7.3175  0.000e+00
     16.977    13.5216    13.5216     7.1965     7.1965     7.3094     7.3094    104.866      0.267 2.2141e+00     16.977    13.5216     7.1965     7.3094  0.000e+00
     17.103    13.5096    13.5096     7.1955     7.1955     7.3048     7.3048    104.772      0.298 2.1386e+00     17.103    13.5096     7.1955     7.3048  0.000e+00
     17.187    13.4948    13.4948     7.1956     7.1956     7.3076     7.3076    104.778      0.298 2.0836e+00     17.187    13.4948     7.1956     7.3076  0.000e+00
     17.355    13.4790    13.4790     7.1941     7.1941     7.3005     7.3005    104.639      0.343 2.1347e+00     17.355    13.4790     7.1941     7.3005  0.000e+00
     17.502    13.4602    13.4602     7.1942     7.1942     7.3002     7.3002    104.592      0.320 1.9913e+00     17.502    13.4602     7.1942     7.3002  0.000e+00
     17.628    13.4404    13.4404     7.1932     7.1932     7.2899     7.2899    104.400      0.328 2.0073e+00     17.628    13.4404     7.1932     7.2899  0.000e+00
     17.775    13.4194    13.4194     7.1913     7.1913     7.2836     7.2836    104.260      0.282 2.0783e+00     17.775    13.4194     7.1913     7.2836  0.000e+00
     17.943    13.3929    13.3929     7.1899     7.1899     7.2754     7.2754    104.082      0.366 2.1569e+00     17.943    13.3929     7.1899     7.2754  0.000e+00
     18.069    13.3625    13.3625     7.1939     7.1939     7.2708     7.2708    103.949      0.328 2.0584e+00     18.069    13.3625     7.1939     7.2708  0.000e+00
     18.174    13.3383    13.3383     7.1852     7.1852     7.2709     7.2709    103.891      0.351 2.0317e+00     18.174    13.3383     7.1852     7.2709  0.000e+00
     18.342    13.3019    13.3019     7.1844     7.1844     7.2619     7.2619    103.678      0.267 2.0859e+00     18.342    13.3019     7.1844     7.2619  0.000e+00
     18.509    13.2564    13.2564     7.1877     7.1877     7.2705     7.2705    103.700      0.320 2.0134e+00     18.509    13.2564     7.1877     7.2705  0.000e+00
     18.593    13.2180    13.2180     7.1899     7.1899     7.2620     7.2620    103.493      0.313 2.0241e+00     18.593    13.2180     7.1899     7.2620  0.000e+00
     18.783    13.1842    13.1842     7.1871     7.1871     7.2541     7.2541    103.303      0.290 2.0256e+00     18.783    13.1842     7.1871     7.2541  0.000e+00
     18.930    13.1441    13.1441     7.1858     7.1858     7.2495     7.2495    103.146      0.351 1.9211e+00     18.930    13.1441     7.1858     7.2495  0.000e+00
     19.077    13.0987    13.0987     7.1845     7.1845     7.2424     7.2424    102.940      0.366 1.9959e+00     19.077    13.0987     7.1845     7.2424  0.000e+00
     19.182    13.0528    13.0528     7.1862     7.1862     7.2402     7.2402    102.807      0.328 1.9539e+00     19.182    13.0528     7.1862     7.2402  0.000e+00
     19.308    13.0041    13.0041     7.1675     7.1675     7.2374     7.2374    102.646      0.389 1.9738e+00     19.308    13.0041     7.1675     7.2374  0.000e+00
     19.392    12.9255    12.9255     7.1463     7.1463     7.2400     7.2400    102.491      0.427 1.9898e+00     19.392    12.9255     7.1463     7.2400  0.000e+00
     19.581    12.7921    12.7921     7.1449     7.1449     7.2410     7.2410    102.203      0.381 1.9341e+00     19.581    12.7921     7.1449     7.2410  0.000e+00
     19.665    12.6414    12.6414     7.1315     7.1315     7.2375     7.2375    101.807      0.320 1.9097e+00     19.665    12.6414     7.1315     7.2375  0.000e+00
     19.812    12.4548    12.4548     7.1215     7.1215     7.2403     7.2403    101.419      0.351 1.8051e+00     19.812    12.4548     7.1215     7.2403  0.000e+00
     19.980    12.2392    12.2392     7.1063     7.1063     7.2368     7.2368    100.876      0.389 1.9043e+00     19.980    12.2392     7.1063     7.2368  0.000e+00
